59 [0, 22, 53]
35 [1]
32 [2, 24, 69]
44 [3, 18, 96]
36 [4, 50, 66]
55 [5, 74, 89]
54 [6, 16, 36]
58 [7, 10, 11]
64 [8, 41, 64]
33 [9, 19, 49, 88, 90]
60 [12]
42 [13, 82]
40 [14, 27, 58]
43 [15, 60, 94]
62 [17, 83]
29 [20, 26]
57 [21]
20 [23, 51]
37 [25, 34, 63]
31 [28, 77]
46 [29, 37, 62]
17 [30, 38, 54]
45 [31, 78]
26 [32, 67, 93]
21 [33, 76]
24 [35, 42, 98]
27 [39, 52, 97]
39 [40, 55]
25 [43]
22 [44, 73]
19 [45, 57, 84, 91]
38 [46, 68, 79, 85]
65 [47]
63 [48]
41 [56]
34 [59]
16 [61]
18 [65]
49 [70, 75]
48 [71, 92]
53 [72, 86]
30 [80]
47 [81, 95]
15 [87, 99]
